%YAML:1.0
calibration_time: "08/12/18 01:01:09"
image_width: 1280
image_height: 1024
board_width: 7
board_height: 7
square_size: 100.
camera_matrix: !!opencv-matrix
   rows: 3
   cols: 3
   dt: d
   data: [ 9.4181353446384389e+002, 0., 6.3273222851848584e+002, 0.,
       9.4371411889347985e+002, 5.3525023701215150e+002, 0., 0., 1. ]
distortion_coefficients: !!opencv-matrix
   rows: 5
   cols: 1
   dt: d
   data: [ 4.0094623493406684e-001, 3.3258954457338530e-001,
       2.1297524654096817e-003, -2.0297684878948200e-003,
       -2.1489345459679257e-001 ]
avg_reprojection_error: 7.5506472347067297e-002
