%YAML:1.0
calibration_time: "08/05/18 01:02:47"
image_width: 1392
image_height: 1040
board_width: 7
board_height: 7
square_size: 100.
camera_matrix: !!opencv-matrix
   rows: 3
   cols: 3
   dt: d
   data: [ 1.0427984041815446e+003, 0., 7.2107198446248890e+002, 0.,
       1.0448681666384261e+003, 5.0720330306918510e+002, 0., 0., 1. ]
distortion_coefficients: !!opencv-matrix
   rows: 5
   cols: 1
   dt: d
   data: [ 4.1046923867626006e-001, 2.4338522105273011e-001,
       1.0307827643461867e-002, -1.1640715794208742e-003,
       -1.5156560894808455e-001 ]
avg_reprojection_error: 1.6982730447445857e-001
