%YAML:1.0
calibration_time: "08/12/18 02:05:11"
image_width: 1280
image_height: 1024
board_width: 7
board_height: 7
square_size: 100.
camera_matrix: !!opencv-matrix
   rows: 3
   cols: 3
   dt: d
   data: [ 9.4452817750409702e+002, 0., 6.3710973367546546e+002, 0.,
       9.4481806787271000e+002, 5.1348409790347432e+002, 0., 0., 1. ]
distortion_coefficients: !!opencv-matrix
   rows: 5
   cols: 1
   dt: d
   data: [ 3.9719081542233703e-001, 3.6761099589128987e-001,
       1.6256010023209405e-003, -9.9201620430082482e-004,
       -2.9143187661832992e-001 ]
avg_reprojection_error: 8.1339527251656482e-002
