%YAML:1.0
calibration_time: "08/12/18 01:35:43"
image_width: 1280
image_height: 1024
board_width: 7
board_height: 7
square_size: 100.
camera_matrix: !!opencv-matrix
   rows: 3
   cols: 3
   dt: d
   data: [ 9.4710413630753169e+002, 0., 6.3542934153709984e+002, 0.,
       9.4852453870312331e+002, 5.1489809088762172e+002, 0., 0., 1. ]
distortion_coefficients: !!opencv-matrix
   rows: 5
   cols: 1
   dt: d
   data: [ 4.0411162092220271e-001, 3.5253875804030133e-001,
       3.5930248847224899e-003, -2.1078810510922756e-003,
       -2.6013544722010112e-001 ]
avg_reprojection_error: 7.1131350195166698e-002
