%YAML:1.0
calibration_time: "08/12/18 01:52:27"
image_width: 1280
image_height: 1024
board_width: 7
board_height: 7
square_size: 100.
camera_matrix: !!opencv-matrix
   rows: 3
   cols: 3
   dt: d
   data: [ 9.4070247200302947e+002, 0., 6.3472961282726112e+002, 0.,
       9.4074402135586627e+002, 5.3305709273578668e+002, 0., 0., 1. ]
distortion_coefficients: !!opencv-matrix
   rows: 5
   cols: 1
   dt: d
   data: [ 3.9593723378842732e-001, 3.5452214504638563e-001,
       1.0861542361591381e-004, -6.5553484960226597e-004,
       -2.4564740847125990e-001 ]
avg_reprojection_error: 7.9251630242174492e-002
