2

2464 2056

2465.715207123899 0 1202.929583462877
0 2466.799723162185 986.9289744659511
0 0 1

-0.1335701378792513 0.2802874715994091 -0.0008098225811430657 -0.0007360341699442731 -0.07511593264021663

1 0 0
0 1 0
0 0 1

0 0 0

2464 2056

2460.735890064264 0 1199.765289743363
0 2460.902967980561 960.1834637417859
0 0 1

-0.1235998191941674 0.2126815627255013 -0.001062328991803487 -0.002008589628952318 0.1391966201359383

0.9999853039866883 -0.003411440081622949 -0.004213536189491516
0.003431574023864068 0.9999826856721249 0.004780445134411809
0.004197155032804917 -0.004794833942262921 0.9999796965224328

-0.1498523298656301 -0.0003986335628984982 -0.0009803887417738867

0.9999969527449749 -0.0007826602360115837 0.002341355103216774
0.0007770597804262312 0.9999968374289312 0.002391926051015228
-0.002343219763922479 -0.002390099389324149 0.9999943983573343

0.9999750613904852 0.002660109601822339 0.006542202534438816
-0.002644459398938342 0.9999936241652237 -0.002399679851298844
-0.006548544233850128 0.002382319417638112 0.999975720266552

2327.3920759519 0 1188.370834350586
0 2327.3920759519 976.4302291870117
0 0 1

1 0 0 -1188.370834350586
0 1 0 -976.4302291870117
0 0 0 2327.3920759519
0 0 6.673069830059666 -0
